Ex:5_1

Enter an integer, the input ends if it is 0: 1 2 -1 3 0
The number of positives is 3
The number of negatives is 1
The total is 5.0
The average is 1.25

Ex:5_5 ***it had "..." so i assumed to make the entire chart

Kilograms     Pounds    |    Pounds     Kilograms
1                2.2    |    20              9.07
3                6.6    |    25             11.34
5               11.0    |    30             13.61
7               15.4    |    35             15.88
9               19.8    |    40             18.14
11              24.2    |    45             20.41
13              28.6    |    50             22.68
15              33.0    |    55             24.95
17              37.4    |    60             27.22
19              41.8    |    65             29.48
21              46.2    |    70             31.75
23              50.6    |    75             34.02
25              55.0    |    80             36.29
27              59.4    |    85             38.56
29              63.8    |    90             40.82
31              68.2    |    95             43.09
33              72.6    |    100            45.36
35              77.0    |    105            47.63
37              81.4    |    110            49.90
39              85.8    |    115            52.16
41              90.2    |    120            54.43
43              94.6    |    125            56.70
45              99.0    |    130            58.97
47             103.4    |    135            61.23
49             107.8    |    140            63.50
51             112.2    |    145            65.77
53             116.6    |    150            68.04
55             121.0    |    155            70.31
57             125.4    |    160            72.57
59             129.8    |    165            74.84
61             134.2    |    170            77.11
63             138.6    |    175            79.38
65             143.0    |    180            81.65
67             147.4    |    185            83.91
69             151.8    |    190            86.18
71             156.2    |    195            88.45
73             160.6    |    200            90.72
75             165.0    |    205            92.99
77             169.4    |    210            95.25
79             173.8    |    215            97.52
81             178.2    |    220            99.79
83             182.6    |    225           102.06
85             187.0    |    230           104.33
87             191.4    |    235           106.59
89             195.8    |    240           108.86
91             200.2    |    245           111.13
93             204.6    |    250           113.40
95             209.0    |    255           115.67
97             213.4    |    260           117.93
99             217.8    |    265           120.20
101            222.2    |    270           122.47
103            226.6    |    275           124.74
105            231.0    |    280           127.01
107            235.4    |    285           129.27
109            239.8    |    290           131.54
111            244.2    |    295           133.81
113            248.6    |    300           136.08
115            253.0    |    305           138.35
117            257.4    |    310           140.61
119            261.8    |    315           142.88
121            266.2    |    320           145.15
123            270.6    |    325           147.42
125            275.0    |    330           149.69
127            279.4    |    335           151.95
129            283.8    |    340           154.22
131            288.2    |    345           156.49
133            292.6    |    350           158.76
135            297.0    |    355           161.03
137            301.4    |    360           163.29
139            305.8    |    365           165.56
141            310.2    |    370           167.83
143            314.6    |    375           170.10
145            319.0    |    380           172.37
147            323.4    |    385           174.63
149            327.8    |    390           176.90
151            332.2    |    395           179.17
153            336.6    |    400           181.44
155            341.0    |    405           183.70
157            345.4    |    410           185.97
159            349.8    |    415           188.24
161            354.2    |    420           190.51
163            358.6    |    425           192.78
165            363.0    |    430           195.04
167            367.4    |    435           197.31
169            371.8    |    440           199.58
171            376.2    |    445           201.85
173            380.6    |    450           204.12
175            385.0    |    455           206.38
177            389.4    |    460           208.65
179            393.8    |    465           210.92
181            398.2    |    470           213.19
183            402.6    |    475           215.46
185            407.0    |    480           217.72
187            411.4    |    485           219.99
189            415.8    |    490           222.26
191            420.2    |    495           224.53
193            424.6    |    500           226.80
195            429.0    |    505           229.06
197            433.4    |    510           231.33
199            437.8    |    515           233.60

Ex:5_10

120 150 180 210 240 270 300 330 360 390
420 450 480 510 540 570 600 630 660 690
720 750 780 810 840 870 900 930 960 990

Ex:5_13

The largest number 'n' so that n^3 is less than 12000 is: 22

Ex:5_15

! " # $ % & ' ( ) *
+ , - . / 0 1 2 3 4
5 6 7 8 9 : ; < = >
? @ A B C D E F G H
I J K L M N O P Q R
S T U V W X Y Z [ \
] ^ _ ` a b c d e f
g h i j k l m n o p
q r s t u v w x y z
{ | } ~ 