Ex6_3:

54321
12321
false
true

Ex6_6:

Enter an integer: 5
         1
       2 1
     3 2 1
   4 3 2 1
 5 4 3 2 1

Ex6_13:

i         m(i)      
-----------------------
1          0.5000
2          1.1667
3          1.9167
4          2.7167
5          3.5500
6          4.4071
7          5.2821
8          6.1710
9          7.0710
10         7.9801
11         8.8968
12         9.8199
13        10.7484
14        11.6818
15        12.6193
16        13.5604
17        14.5049
18        15.4523
19        16.4023
20        17.3546

Ex6_21:

Enter a string: 1-800-flowers
1-800-3569377

Ex6_27:

13 17 31 37 71 73 79 97 107 113 
149 157 167 179 199 311 337 347 359 389 
701 709 733 739 743 751 761 769 907 937 
941 953 967 971 983 991 1009 1021 1031 1033 
1061 1069 1091 1097 1103 1109 1151 1153 1181 1193 
1201 1213 1217 1223 1229 1231 1237 1249 1259 1279 
1283 1301 1321 1381 1399 1409 1429 1439 1453 1471 
1487 1499 1511 1523 1559 1583 1597 1601 1619 1657 
1669 1723 1733 1741 1753 1789 1811 1831 1847 1867 
1879 1901 1913 1933 1949 1979 3011 3019 3023 3049 

Ex6_30:

You rolled 2 + 4 = 6
Point is 6
You rolled 1 + 3 = 4
You rolled 2 + 1 = 3
You rolled 6 + 5 = 11
You rolled 6 + 1 = 7
You lose
